2210.05489
2203.04666
2211.07854
2111.00851
2212.13511
2208.04367
2101.03438
2204.04017
2211.05777
2208.08273
2207.12837
2106.09880
2007.10917
2211.12775
2111.05176
2208.11220
2211.13765
2209.14405
2210.06484
2211.13981
2211.04965
2211.01134
2212.04913
2203.17267
2212.12911
2210.09191
2208.14057
2212.11734
2210.12406
2207.06294
2209.03824
2211.02861
2212.01857
2212.11132
2104.14096
2212.11127
2207.05942
2211.16337
2203.00031
2212.11826
2207.05865
2209.01958
2201.02310
2210.02355
2210.16581
2208.11060
2210.07894
2212.07462
2206.02806
2112.10867
2111.12669
2208.06198
2209.12372
2207.07160
2210.05443
2208.07719
2111.10183
2202.09506
2211.07379
2209.13993
2207.13645
2205.07674
2208.02165
2212.11614
2209.08167
2208.14708
2212.07389
2211.02612
2210.00780
2209.12452
2209.11655
2212.11681
2210.14876
2209.00671
2212.09328
2211.03464
2208.06450
2108.04490
2209.11044
2212.09431
2208.11510
2208.13372
2211.12670
2211.13039
2210.14804
2209.02795
2212.02531
2207.01578
2210.06723
2210.01656
2211.12681
2202.13414
2212.14201
2202.08024
2208.07683
2210.01311
2208.06571
2212.03223
2207.06614
2212.02521
1804.03719
2204.04198
2203.17181
2201.04093
2208.03836
2205.09510
2209.06930
2209.14353
2111.05292
2208.06339
2210.09275
2202.00054
2209.05523
2203.01340
2211.05413
2209.00292
2210.08566
2210.07980
2210.09974
2211.01441
2212.00576
2202.00599
2208.07963
2208.01203
2209.12788
2211.03233
2207.11173
2205.09115
2211.10555
2211.05728
2208.10316
2211.07056
2209.00564
2207.10221
2212.01732
2208.05393
