2404.10214
2404.18737
2410.12935
2406.02341
2404.08265
2402.06770
2409.15645
2401.12999
2409.09183
2407.18388
2407.18731
2405.14837
2412.06758
2405.08100
2405.12044
2404.11490
2410.18618
2405.11687
2401.09253
2407.10415
2403.04296
2412.13271
2404.02951
2410.03130
2401.10121
2404.02245
2405.18783
2405.19537
2411.05760
2408.04751
2403.04653
2402.13754
2410.03015
2411.00518
2408.09538
2402.05549
2404.11440
2404.02751
2402.14036
2404.05448
2404.05516
2401.12485
2410.12636
2406.01743
2408.10274
2406.01948
2411.09336
2404.05824
2401.02879
2409.04406
2401.17526
2409.11876
2410.23315
2408.10265
2408.12739
2402.13001
2409.16593
2401.12089
2405.17388
2402.00653
2405.10284
2408.08701
2401.15804
2403.19099
2401.15665
2405.17060
2406.06547
2402.07671
2412.15826
2404.05784
2403.12969
2405.06534
2403.01024
2405.03390
2412.19336
2411.13401
2401.16961
2409.06782
2412.12397
2408.13109
2407.15745
2405.19725
2407.14055
2402.09848
2409.13147
2403.18733
2404.07174
2405.12598
2404.08993
2407.17325
2406.00843
2405.15174
2407.10941
2403.07059
2405.07624
2401.09076
2403.18662
2402.08985
2403.11931
2411.00765
2405.21052
2411.16656
2411.16967
2401.02940
2406.12007
2411.09131
2404.18555
2410.02446
2407.17161
2401.16317
2402.15879
2401.11351
2401.07547
2409.05846
2404.03585
2405.10242
2406.07072
2401.10095
2405.02027
2411.15548
2410.03094
2401.06300
2405.10360
2412.14753
2410.14654
2411.06919
2405.08917
2405.17486
2407.06103
2410.21117
2404.06174
2405.10119
2405.11795
2401.17009
2409.00998
2509.14277
2403.02405
2405.14405
2412.13878
2401.06380
2409.09729
2410.16308
2409.00294
2408.09562
2411.16970
2402.02866
2405.13582
2409.07405
2404.05526
2405.06768
2401.01308
2404.08737
2411.16117
2404.10693
2408.07891
