2012.09265
2007.14384
2006.14619
2011.10395
2101.11020
2103.10837
2101.08448
2112.00778
2111.00851
2212.13511
2208.08273
2111.05176
2211.03464
2111.05292
2301.00672
2308.04098
2306.17159
2309.09342
2301.06814
2310.07406
2306.04843
2306.00061
2404.10214
2404.08265
2412.06758
2410.03015
2409.04406
2403.07059
2501.04264
2505.04768
2507.08183
2501.14968
2507.20422
2504.07077
2509.07460
2505.01875
2503.21686
2503.04239
2503.09517
2507.08155
2505.19909
2507.19276
2505.18519
2503.15473
2503.20963
2505.16444
2506.21161
2501.07433
2409.01394
2505.13695
2511.09124
2509.09033
2402.06770
2407.18731
2410.12935
2405.11687
2407.10415
2404.16135
2410.21117
2407.06103
2405.14561
2401.07547
2309.12129
2301.06331
2312.09121
2210.05489
2203.04666
2203.01340
2011.01938
1907.13117
2109.02873
1907.02085
2008.08605
2011.00027
1802.07194
1307.0401
1304.3061
1802.06002
1804.11326
1803.00745
1803.11173
1812.09976
1906.07682
