0705.3360
1307.0411
1409.3097
1408.7005
1412.3635
1411.4028
1511.04206
1611.09347
1701.06806
1709.02779
1708.09757
1711.11240
1710.07405
1712.05771
1811.04968
1803.07128
1812.09976
1803.01958
1804.10068
1806.11463
1906.07682
1804.11326
1909.12264
1907.05415
1904.00043
1901.08263
1811.02266
1807.03890
2512.10929
2011.03185
2007.10917
2003.12770
2012.09265
1911.11071
2007.14384
2012.02333
2011.00027
2001.10833
2006.14619
2009.01783
2007.16200
1907.02085
2006.11962
2008.08605
2004.14035
2005.04316
2003.14103
2002.06169
2008.04419
2007.15521
2109.02873
1907.13117
2011.10395
2105.09100
2212.04323
2102.05566
2005.12702
2103.02498
2107.03247
2011.01938
2101.11020
2104.07106
2105.01477
2106.04975
2106.02496
2103.10837
2104.06918
2105.12626
2101.08448
2108.13421
2112.06587
2105.02859
2105.03684
2112.07491
2009.10088
2103.04913
2111.05292
2112.00778
2110.04236
2103.14653
2108.06661
2108.01311
2104.00409
2112.06628
2106.14059
2107.08710
2111.03598
2210.05489
2203.04666
2211.07854
2111.00851
2212.13511
2208.04367
2101.03438
2204.04017
2211.05777
2208.08273
2207.12837
2106.09880
2211.12775
2111.05176
2208.11220
2211.13765
2209.14405
2210.06484
2211.13981
2211.04965
2211.01134
2212.04913
2203.17267
2212.12911
2210.09191
2208.14057
2212.11734
2210.12406
2207.06294
2209.03824
2211.02861
2212.01857
2212.11132
2104.14096
2212.11127
2207.05942
2211.16337
2203.00031
2212.11826
2207.05865
2209.01958
2201.02310
2210.02355
2210.16581
2208.11060
2210.07894
2212.07462
2206.02806
2112.10867
2111.12669
2208.06198
2209.12372
2207.07160
2210.05443
2208.07719
2111.10183
2202.09506
2211.07379
2209.13993
2207.13645
2205.07674
2208.02165
2212.11614
2209.08167
2208.14708
2212.07389
2211.02612
2210.00780
2209.12452
2209.11655
2212.11681
2210.14876
2209.00671
2212.09328
2211.03464
2208.06450
2108.04490
2209.11044
2212.09431
2208.11510
2208.13372
2211.12670
2211.13039
2210.14804
2209.02795
2212.02531
2207.01578
2210.06723
2210.01656
2211.12681
2202.13414
2212.14201
2202.08024
2208.07683
2210.01311
2208.06571
2212.03223
2207.06614
2212.02521
1804.03719
2204.04198
2203.17181
2201.04093
2208.03836
2205.09510
2209.06930
2209.14353
2208.06339
2210.09275
2202.00054
2209.05523
2203.01340
2211.05413
2209.00292
2210.08566
2210.07980
2210.09974
2211.01441
2212.00576
2202.00599
2208.07963
2208.01203
2209.12788
2211.03233
2207.11173
2205.09115
2211.10555
2211.05728
2208.10316
2211.07056
2209.00564
2207.10221
2212.01732
2208.05393
2301.03755
2301.00672
2301.07542
2308.12524
2305.06538
2309.12129
2301.06331
2308.04098
2305.18961
2308.07964
2307.08423
2303.12829
2302.04919
2307.15521
2303.08902
2305.07092
2301.07263
2303.15237
2302.14067
2308.10719
2312.03083
2303.02797
2304.06768
2306.17159
2303.12839
2304.00549
2310.08468
2312.15048
2302.08529
2302.04479
2312.09121
2309.07902
2302.04649
2309.09342
2312.16664
2307.10149
2301.00520
2308.02342
2009.01760
2304.08420
2312.07235
2301.06978
2301.13665
2306.06539
2306.00494
2301.07691
2304.10352
2312.03534
2309.16796
2308.01789
2312.01562
2310.11891
2304.09899
2305.17707
2306.00881
2307.07383
2304.12923
2307.15840
2307.04980
2309.11647
2308.13422
2305.02018
2302.05059
2307.12904
2307.09017
2307.01017
2305.12664
2303.14844
2305.08544
2409.16593
2305.09738
2303.03227
2308.01068
2312.13250
2307.16723
2303.03707
2309.15592
2308.16664
2301.04702
2309.01127
2307.11234
2302.00892
2304.14439
2305.07284
2310.00585
2310.05866
2303.16946
2308.07865
2304.08226
2303.11735
2305.01874
2301.06814
2310.07455
2310.07406
2302.03595
2312.16166
2312.15124
2302.00105
2310.05897
2311.10375
2302.13932
2312.07949
2304.03787
2302.02980
2307.03334
2308.04740
2312.11337
2309.07339
2301.05096
2304.09648
2304.02480
2310.06541
2311.05546
2308.01519
2309.10392
2303.00618
2311.11871
2306.15628
2304.04666
2306.13046
2309.09424
2312.07821
2307.00908
2303.15626
2305.08796
2306.16627
2301.09363
2305.00224
2303.06985
2308.07798
2312.11673
2306.00874
2301.06453
2203.09080
2307.02091
2305.02956
2302.04558
2305.20069
2310.03434
2307.11230
2308.11269
2309.05205
2302.08666
2305.07323
2303.01625
2303.01492
2306.04843
2211.13267
2304.06687
2309.10887
2301.00995
2312.03057
2305.13362
2309.11617
2302.01365
2301.05549
2306.13461
2306.00061
2303.16585
2308.08448
2308.03575
2306.12965
2308.04493
2305.11518
2306.17214
2301.10780
2304.08924
2303.05860
2307.05253
2304.09224
2306.08060
2305.09674
2306.16701
2305.02396
2304.11511
2310.14516
2306.15708
2306.09912
2310.15084
2312.16165
2310.17032
2302.03244
2312.16379
2307.16576
2312.10242
2305.19383
2305.12783
2304.05151
2311.03227
2301.07528
2404.10214
2404.18737
2410.12935
2406.02341
2404.08265
2402.06770
2409.15645
2401.12999
2409.09183
2407.18388
2407.18731
2405.14837
2412.06758
2405.08100
2405.12044
2404.11490
2410.18618
2405.11687
2401.09253
2407.10415
2403.04296
2412.13271
2404.02951
2410.03130
2401.10121
2404.02245
2405.18783
2405.19537
2411.05760
2408.04751
2403.04653
2402.13754
2410.03015
2411.00518
2408.09538
2402.05549
2404.11440
2404.02751
2402.14036
2404.05448
2404.05516
2401.12485
2410.12636
2406.01743
2408.10274
2406.01948
2411.09336
2404.05824
2401.02879
2409.04406
2401.17526
2409.11876
2410.23315
2408.10265
2408.12739
2402.13001
2401.12089
2405.17388
2402.00653
2405.10284
2408.08701
2401.15804
2403.19099
2401.15665
2405.17060
2406.06547
2402.07671
2412.15826
2404.05784
2403.12969
2405.06534
2403.01024
2405.03390
2412.19336
2411.13401
2401.16961
2409.06782
2412.12397
2408.13109
2407.15745
2405.19725
2407.14055
2402.09848
2409.13147
2403.18733
2404.07174
2405.12598
2404.08993
2407.17325
2406.00843
2405.15174
2407.10941
2403.07059
2405.07624
2401.09076
2403.18662
2402.08985
2403.11931
2411.00765
2405.21052
2411.16656
2411.16967
2401.02940
2406.12007
2411.09131
2404.18555
2410.02446
2407.17161
2401.16317
2402.15879
2401.11351
2401.07547
2409.05846
2404.03585
2405.10242
2406.07072
2401.10095
2405.02027
2411.15548
2410.03094
2401.06300
2405.10360
2412.14753
2410.14654
2411.06919
2405.08917
2405.17486
2407.06103
2410.21117
2404.06174
2405.10119
2405.11795
2401.17009
2409.00998
2509.14277
2403.02405
2405.14405
2412.13878
2401.06380
2409.09729
2410.16308
2409.00294
2408.09562
2411.16970
2402.02866
2405.13582
2409.07405
2404.05526
2405.06768
2401.01308
2404.08737
2411.16117
2404.10693
2408.07891
2501.04264
2505.04768
2507.08183
2501.14968
2507.20422
2504.07077
2506.03995
2511.03726
2506.04223
2509.07460
2505.01875
2503.21686
2508.02369
2506.14920
2502.18639
2503.04239
2508.03446
2503.09517
2507.08155
2505.19909
2507.19276
2505.18519
2510.14099
2511.18552
2503.02202
2508.05169
2503.15473
2508.10593
2508.13651
2505.10842
2503.22590
2503.08149
2503.20963
2508.03376
2512.12068
2509.15726
2508.17471
2501.17533
2501.03521
2508.13926
2505.16444
2505.11464
2504.06253
2509.19035
2508.16309
2502.20288
2501.16229
2504.10897
2506.03115
2504.16607
2504.11899
2509.20127
2505.01614
2504.19934
2508.04288
2502.08225
2506.21161
2511.10831
2505.04234
2501.07433
2507.07018
2505.15902
2507.22629
2508.20975
2508.07104
2501.14412
2501.05663
2504.03315
2509.11307
2508.20868
2508.18161
2501.15828
2503.22570
2503.03928
2504.05336
2504.08732
2501.00135
2509.11390
2501.07986
2504.03429
2509.00637
2502.15254
2509.19157
2504.17548
2502.07667
2409.01394
2506.22016
2505.13695
2510.00171
2509.07778
2505.13933
2505.22575
2505.13287
2508.13557
2512.22001
2502.01495
2508.13954
2509.07766
2207.10555
2505.00137
2504.10595
2504.10592
2505.24780
2502.13056
2503.01916
2510.14595
2501.15893
2508.20601
2509.07614
2512.05183
2503.14473
2503.22758
2505.14295
2506.19461
2509.02795
2501.08205
2509.25930
2512.10670
2507.05120
2501.12776
2504.06775
2507.18954
2501.04558
2509.11370
2506.01715
2505.16714
2502.06717
2502.06471
2510.16779
2501.09528
2505.05158
2509.04923
2510.15059
1201.4780
2508.15998
2511.09124
2504.15964
2503.20879
2509.09033
2511.10709
2507.06344
2502.14715
2503.01966
2506.13605
2506.02105
2512.14208
2502.10131
2509.01422
2503.23408
2504.18392
2506.02213
2509.01812
2512.15286
2502.21171
2504.10673
2508.04486
2507.12887
2512.01597
2510.13994
2502.04271
2503.04219
2501.04591
2512.20654
2404.16135
2405.14561
1802.07194
1307.0401
1304.3061
1802.06002
1803.00745
1803.11173
