2301.03755
2301.00672
2301.07542
2308.12524
2305.06538
2309.12129
2301.06331
2308.04098
2305.18961
2308.07964
2307.08423
2303.12829
2302.04919
2307.15521
2303.08902
2305.07092
2301.07263
2303.15237
2302.14067
2308.10719
2312.03083
2303.02797
2304.06768
2306.17159
2303.12839
2304.00549
2310.08468
2312.15048
2302.08529
2302.04479
2312.09121
2309.07902
2302.04649
2209.00292
2309.09342
2312.16664
2307.10149
2301.00520
2308.02342
2009.01760
2304.08420
2312.07235
2301.06978
2301.13665
2306.06539
2306.00494
2301.07691
2304.10352
2312.03534
2309.16796
2308.01789
2312.01562
2310.11891
2304.09899
2305.17707
2306.00881
2307.07383
2304.12923
2307.15840
2307.04980
2309.11647
2308.13422
2305.02018
2302.05059
2307.12904
2307.09017
2307.01017
2305.12664
2303.14844
2305.08544
2409.16593
2305.09738
2303.03227
2308.01068
2312.13250
2307.16723
2303.03707
2309.15592
2308.16664
2301.04702
2309.01127
2307.11234
2302.00892
2304.14439
2305.07284
2310.00585
2310.05866
2303.16946
2308.07865
2304.08226
2303.11735
2305.01874
2301.06814
2310.07455
2310.07406
2302.03595
2312.16166
2312.15124
2302.00105
2310.05897
2311.10375
2302.13932
2312.07949
2304.03787
2302.02980
2307.03334
2308.04740
2312.11337
2309.07339
2301.05096
2304.09648
2304.02480
2310.06541
2311.05546
2308.01519
2309.10392
2303.00618
2311.11871
2306.15628
2304.04666
2306.13046
2309.09424
2312.07821
2307.00908
2303.15626
2305.08796
2306.16627
2301.09363
2305.00224
2303.06985
2308.07798
2312.11673
2306.00874
2301.06453
2203.09080
2307.02091
2305.02956
2302.04558
2305.20069
2310.03434
2307.11230
2308.11269
2309.05205
2302.08666
2305.07323
2303.01625
2303.01492
2306.04843
2211.13267
2304.06687
2309.10887
2301.00995
2312.03057
2305.13362
2309.11617
2302.01365
2301.05549
2306.13461
2306.00061
2303.16585
2308.08448
2308.03575
2306.12965
2308.04493
2305.11518
2306.17214
2301.10780
2304.08924
2303.05860
2307.05253
2304.09224
2306.08060
2305.09674
2306.16701
2305.02396
2304.11511
2310.14516
2306.15708
2306.09912
2310.15084
2312.16165
2310.17032
2302.03244
2312.16379
2307.16576
2312.10242
2305.19383
2305.12783
2304.05151
2311.03227
2301.07528
