2501.04264
2505.04768
2507.08183
2501.14968
2507.20422
2504.07077
2506.03995
2511.03726
2506.04223
2509.07460
2505.01875
2503.21686
2508.02369
2506.14920
2502.18639
2503.04239
2508.03446
2503.09517
2507.08155
2505.19909
2507.19276
2505.18519
2510.14099
2511.18552
2503.02202
2508.05169
2503.15473
2508.10593
2508.13651
2505.10842
2503.22590
2503.08149
2503.20963
2508.03376
2512.12068
2509.15726
2508.17471
2501.17533
2501.03521
2508.13926
2505.16444
2505.11464
2504.06253
2509.19035
2508.16309
2502.20288
2501.16229
2504.10897
2506.03115
2504.16607
2504.11899
2509.20127
2505.01614
2504.19934
2508.04288
2502.08225
2506.21161
2511.10831
2505.04234
2501.07433
2507.07018
2505.15902
2507.22629
2508.20975
2508.07104
2501.14412
2501.05663
2504.03315
2509.11307
2508.20868
2508.18161
2501.15828
2503.22570
2503.03928
2504.05336
2504.08732
2501.00135
2509.11390
2501.07986
2504.03429
2509.00637
2502.15254
2509.19157
2504.17548
2502.07667
2409.01394
2506.22016
2505.13695
2510.00171
2509.07778
2505.13933
2505.22575
2505.13287
2508.13557
2512.22001
2502.01495
2508.13954
2509.07766
2207.10555
2505.00137
2504.10595
2504.10592
2505.24780
2502.13056
2503.01916
2510.14595
2501.15893
2508.20601
2509.07614
2512.05183
2503.14473
2503.22758
2505.14295
2506.19461
2509.02795
2501.08205
2509.25930
2512.10670
2507.05120
2501.12776
2504.06775
2507.18954
2501.04558
2509.11370
2506.01715
2505.16714
2502.06717
2502.06471
2510.16779
2501.09528
2505.05158
2509.04923
2510.15059
1201.4780
2508.15998
2511.09124
2504.15964
2503.20879
2509.09033
2511.10709
2507.06344
2502.14715
2503.01966
2506.13605
2506.02105
2512.14208
2502.10131
2509.01422
2503.23408
2504.18392
2506.02213
2509.01812
2512.15286
2502.21171
2504.10673
2508.04486
2507.12887
2512.01597
2510.13994
2502.04271
2503.04219
2501.04591
2512.20654
